2024-04-17 10:35:33.256228 [info]: out of user resourse, disconnected
2024-04-17 10:35:33.256755 [info]: out of user resourse, disconnected
2024-04-17 10:35:33.257248 [info]: out of user resourse, disconnected
2024-04-17 10:35:33.257686 [info]: out of user resourse, disconnected
2024-04-17 10:35:33.258118 [info]: out of user resourse, disconnected
2024-04-17 10:35:33.258549 [info]: out of user resourse, disconnected
2024-04-17 10:35:33.258972 [info]: out of user resourse, disconnected
2024-04-17 10:35:33.259408 [info]: out of user resourse, disconnected
2024-04-17 10:35:33.259910 [info]: out of user resourse, disconnected
2024-04-17 10:35:33.260350 [info]: out of user resourse, disconnected
2024-04-17 10:35:33.260792 [info]: out of user resourse, disconnected
2024-04-17 10:35:33.261224 [info]: out of user resourse, disconnected
2024-04-17 10:35:33.261658 [info]: out of user resourse, disconnected
2024-04-17 10:35:33.262088 [info]: out of user resourse, disconnected
2024-04-17 10:35:33.262578 [info]: out of user resourse, disconnected
2024-04-17 10:35:33.263002 [info]: out of user resourse, disconnected
2024-04-17 10:35:33.263439 [info]: out of user resourse, disconnected
2024-04-17 10:35:33.263901 [info]: out of user resourse, disconnected
2024-04-17 10:35:33.264339 [info]: out of user resourse, disconnected
2024-04-17 10:35:33.264772 [info]: out of user resourse, disconnected
2024-04-17 10:35:33.265263 [info]: out of user resourse, disconnected
2024-04-17 10:35:33.265698 [info]: out of user resourse, disconnected
2024-04-17 10:35:33.266278 [info]: out of user resourse, disconnected
2024-04-17 10:35:33.266823 [info]: out of user resourse, disconnected
2024-04-17 10:35:33.267366 [info]: out of user resourse, disconnected
2024-04-17 10:35:33.267926 [info]: out of user resourse, disconnected
2024-04-17 10:35:33.268524 [info]: out of user resourse, disconnected
2024-04-17 10:35:33.269062 [info]: out of user resourse, disconnected
2024-04-17 10:35:33.269611 [info]: out of user resourse, disconnected
2024-04-17 10:35:33.270127 [info]: out of user resourse, disconnected
2024-04-17 10:35:33.270643 [info]: out of user resourse, disconnected
2024-04-17 10:35:33.271156 [info]: out of user resourse, disconnected
2024-04-17 10:35:33.271670 [info]: out of user resourse, disconnected
2024-04-17 10:35:33.272221 [info]: out of user resourse, disconnected
2024-04-17 10:35:33.272740 [info]: out of user resourse, disconnected
2024-04-17 10:35:33.273258 [info]: out of user resourse, disconnected
2024-04-17 10:35:33.273934 [info]: out of user resourse, disconnected
2024-04-17 10:35:33.274961 [info]: out of user resourse, disconnected
2024-04-17 10:35:33.275624 [info]: out of user resourse, disconnected
2024-04-17 10:35:33.276159 [info]: out of user resourse, disconnected
2024-04-17 10:35:33.276804 [info]: out of user resourse, disconnected
2024-04-17 10:35:33.277324 [info]: out of user resourse, disconnected
2024-04-17 10:35:33.277840 [info]: out of user resourse, disconnected
2024-04-17 10:35:33.278370 [info]: out of user resourse, disconnected
2024-04-17 10:35:33.278887 [info]: out of user resourse, disconnected
2024-04-17 10:35:33.279405 [info]: out of user resourse, disconnected
2024-04-17 10:35:33.279921 [info]: out of user resourse, disconnected
2024-04-17 10:35:33.280471 [info]: out of user resourse, disconnected
2024-04-17 10:35:33.280992 [info]: out of user resourse, disconnected
2024-04-17 10:35:33.281522 [info]: out of user resourse, disconnected
2024-04-17 10:35:33.282038 [info]: out of user resourse, disconnected
2024-04-17 10:35:33.282564 [info]: out of user resourse, disconnected
2024-04-17 10:35:33.283082 [info]: out of user resourse, disconnected
2024-04-17 10:35:33.283597 [info]: out of user resourse, disconnected
2024-04-17 10:35:33.284135 [info]: out of user resourse, disconnected
2024-04-17 10:35:33.284652 [info]: out of user resourse, disconnected
2024-04-17 10:35:33.285165 [info]: out of user resourse, disconnected
2024-04-17 10:35:33.285681 [info]: out of user resourse, disconnected
2024-04-17 10:35:33.286194 [info]: out of user resourse, disconnected
2024-04-17 10:35:33.286733 [info]: out of user resourse, disconnected
2024-04-17 10:35:33.287386 [info]: out of user resourse, disconnected
2024-04-17 10:35:33.287904 [info]: out of user resourse, disconnected
2024-04-17 10:35:33.288714 [info]: out of user resourse, disconnected
2024-04-17 10:35:33.289242 [info]: out of user resourse, disconnected
2024-04-17 10:35:33.289763 [info]: out of user resourse, disconnected
2024-04-17 10:35:33.290280 [info]: out of user resourse, disconnected
2024-04-17 10:35:33.290796 [info]: out of user resourse, disconnected
2024-04-17 10:35:33.291311 [info]: out of user resourse, disconnected
2024-04-17 10:35:33.291824 [info]: out of user resourse, disconnected
2024-04-17 10:35:33.292362 [info]: out of user resourse, disconnected
2024-04-17 10:35:33.292882 [info]: out of user resourse, disconnected
2024-04-17 10:35:33.293400 [info]: out of user resourse, disconnected
2024-04-17 10:35:33.293925 [info]: out of user resourse, disconnected
2024-04-17 10:35:33.294443 [info]: out of user resourse, disconnected
2024-04-17 10:35:33.294959 [info]: out of user resourse, disconnected
2024-04-17 10:35:33.295476 [info]: out of user resourse, disconnected
2024-04-17 10:35:33.295994 [info]: out of user resourse, disconnected
2024-04-17 10:35:33.296581 [info]: out of user resourse, disconnected
2024-04-17 10:35:33.297097 [info]: out of user resourse, disconnected
2024-04-17 10:35:33.297612 [info]: out of user resourse, disconnected
2024-04-17 10:35:33.298130 [info]: out of user resourse, disconnected
2024-04-17 10:35:33.298646 [info]: out of user resourse, disconnected
2024-04-17 10:35:33.299161 [info]: out of user resourse, disconnected
2024-04-17 10:35:33.299674 [info]: out of user resourse, disconnected
2024-04-17 10:35:33.300197 [info]: out of user resourse, disconnected
2024-04-17 10:35:33.300713 [info]: out of user resourse, disconnected
2024-04-17 10:35:33.301231 [info]: out of user resourse, disconnected
2024-04-17 10:35:33.301850 [info]: out of user resourse, disconnected
2024-04-17 10:35:33.302398 [info]: out of user resourse, disconnected
2024-04-17 10:35:33.302929 [info]: out of user resourse, disconnected
2024-04-17 10:35:33.303455 [info]: out of user resourse, disconnected
2024-04-17 10:35:33.304463 [info]: out of user resourse, disconnected
2024-04-17 10:35:33.305034 [info]: out of user resourse, disconnected
2024-04-17 10:35:33.305559 [info]: out of user resourse, disconnected
2024-04-17 10:35:33.306090 [info]: out of user resourse, disconnected
2024-04-17 10:35:33.306609 [info]: out of user resourse, disconnected
2024-04-17 10:35:33.307126 [info]: out of user resourse, disconnected
2024-04-17 10:35:33.307643 [info]: out of user resourse, disconnected
2024-04-17 10:35:33.308172 [info]: out of user resourse, disconnected
2024-04-17 10:35:33.308690 [info]: out of user resourse, disconnected
2024-04-17 10:35:33.309206 [info]: out of user resourse, disconnected
2024-04-17 10:35:33.309722 [info]: out of user resourse, disconnected
2024-04-17 10:35:33.310236 [info]: out of user resourse, disconnected
2024-04-17 10:35:33.310752 [info]: out of user resourse, disconnected
2024-04-17 10:35:33.311276 [info]: out of user resourse, disconnected
2024-04-17 10:35:33.311795 [info]: out of user resourse, disconnected
2024-04-17 10:35:33.312343 [info]: out of user resourse, disconnected
2024-04-17 10:35:33.312860 [info]: out of user resourse, disconnected
2024-04-17 10:35:33.313377 [info]: out of user resourse, disconnected
2024-04-17 10:35:33.313904 [info]: out of user resourse, disconnected
2024-04-17 10:35:33.314421 [info]: out of user resourse, disconnected
2024-04-17 10:35:33.315052 [info]: out of user resourse, disconnected
2024-04-17 10:35:33.315573 [info]: out of user resourse, disconnected
2024-04-17 10:35:33.316108 [info]: out of user resourse, disconnected
2024-04-17 10:35:33.316626 [info]: out of user resourse, disconnected
2024-04-17 10:35:33.317145 [info]: out of user resourse, disconnected
2024-04-17 10:35:33.317670 [info]: out of user resourse, disconnected
2024-04-17 10:35:33.318185 [info]: out of user resourse, disconnected
2024-04-17 10:35:33.318713 [info]: out of user resourse, disconnected
2024-04-17 10:35:33.319234 [info]: out of user resourse, disconnected
2024-04-17 10:35:33.319758 [info]: out of user resourse, disconnected
2024-04-17 10:35:33.320347 [info]: out of user resourse, disconnected
2024-04-17 10:35:33.320864 [info]: out of user resourse, disconnected
2024-04-17 10:35:33.321381 [info]: out of user resourse, disconnected
2024-04-17 10:35:33.321898 [info]: out of user resourse, disconnected
2024-04-17 10:35:33.322412 [info]: out of user resourse, disconnected
2024-04-17 10:35:33.322928 [info]: out of user resourse, disconnected
2024-04-17 10:35:33.323444 [info]: out of user resourse, disconnected
2024-04-17 10:35:33.323961 [info]: out of user resourse, disconnected
2024-04-17 10:35:33.324501 [info]: out of user resourse, disconnected
2024-04-17 10:35:33.325018 [info]: out of user resourse, disconnected
2024-04-17 10:35:33.325535 [info]: out of user resourse, disconnected
2024-04-17 10:35:33.326052 [info]: out of user resourse, disconnected
2024-04-17 10:35:33.326578 [info]: out of user resourse, disconnected
2024-04-17 10:35:33.327105 [info]: out of user resourse, disconnected
2024-04-17 10:35:33.327620 [info]: out of user resourse, disconnected
2024-04-17 10:35:33.328154 [info]: out of user resourse, disconnected
2024-04-17 10:35:33.328675 [info]: out of user resourse, disconnected
2024-04-17 10:35:33.329190 [info]: out of user resourse, disconnected
2024-04-17 10:35:33.329726 [info]: out of user resourse, disconnected
2024-04-17 10:35:33.330241 [info]: out of user resourse, disconnected
2024-04-17 10:35:33.330756 [info]: out of user resourse, disconnected
2024-04-17 10:35:33.331270 [info]: out of user resourse, disconnected
2024-04-17 10:35:33.331782 [info]: out of user resourse, disconnected
2024-04-17 10:35:33.332325 [info]: out of user resourse, disconnected
2024-04-17 10:35:33.332847 [info]: out of user resourse, disconnected
2024-04-17 10:35:33.333371 [info]: out of user resourse, disconnected
2024-04-17 10:35:33.333893 [info]: out of user resourse, disconnected
2024-04-17 10:35:33.334495 [info]: out of user resourse, disconnected
2024-04-17 10:35:33.335636 [info]: out of user resourse, disconnected
2024-04-17 10:35:33.336178 [info]: out of user resourse, disconnected
2024-04-17 10:35:33.336701 [info]: out of user resourse, disconnected
2024-04-17 10:35:33.337264 [info]: out of user resourse, disconnected
2024-04-17 10:35:33.337864 [info]: out of user resourse, disconnected
2024-04-17 10:35:33.338385 [info]: out of user resourse, disconnected
2024-04-17 10:35:33.338905 [info]: out of user resourse, disconnected
2024-04-17 10:35:33.339442 [info]: out of user resourse, disconnected
2024-04-17 10:35:33.339961 [info]: out of user resourse, disconnected
2024-04-17 10:35:33.340543 [info]: out of user resourse, disconnected
2024-04-17 10:35:33.341067 [info]: out of user resourse, disconnected
2024-04-17 10:35:33.341596 [info]: out of user resourse, disconnected
2024-04-17 10:35:33.342124 [info]: out of user resourse, disconnected
2024-04-17 10:35:33.342639 [info]: out of user resourse, disconnected
2024-04-17 10:35:33.343155 [info]: out of user resourse, disconnected
2024-04-17 10:35:33.343670 [info]: out of user resourse, disconnected
2024-04-17 10:35:33.344208 [info]: out of user resourse, disconnected
2024-04-17 10:35:33.344726 [info]: out of user resourse, disconnected
2024-04-17 10:35:33.345241 [info]: out of user resourse, disconnected
2024-04-17 10:35:33.345755 [info]: out of user resourse, disconnected
2024-04-17 10:35:33.346268 [info]: out of user resourse, disconnected
2024-04-17 10:35:33.346781 [info]: out of user resourse, disconnected
2024-04-17 10:35:33.347292 [info]: out of user resourse, disconnected
2024-04-17 10:35:33.347805 [info]: out of user resourse, disconnected
2024-04-17 10:35:33.348364 [info]: out of user resourse, disconnected
2024-04-17 10:35:33.348879 [info]: out of user resourse, disconnected
2024-04-17 10:35:33.349393 [info]: out of user resourse, disconnected
2024-04-17 10:35:33.349999 [info]: out of user resourse, disconnected
2024-04-17 10:35:33.350518 [info]: out of user resourse, disconnected
2024-04-17 10:35:33.351038 [info]: out of user resourse, disconnected
2024-04-17 10:35:33.351556 [info]: out of user resourse, disconnected
2024-04-17 10:35:33.352073 [info]: out of user resourse, disconnected
2024-04-17 10:35:33.352613 [info]: out of user resourse, disconnected
2024-04-17 10:35:33.353138 [info]: out of user resourse, disconnected
2024-04-17 10:35:33.353651 [info]: out of user resourse, disconnected
2024-04-17 10:35:33.354166 [info]: out of user resourse, disconnected
2024-04-17 10:35:33.354680 [info]: out of user resourse, disconnected
2024-04-17 10:35:33.355194 [info]: out of user resourse, disconnected
2024-04-17 10:35:33.355709 [info]: out of user resourse, disconnected
2024-04-17 10:35:33.356252 [info]: out of user resourse, disconnected
2024-04-17 10:35:33.356767 [info]: out of user resourse, disconnected
2024-04-17 10:35:33.357280 [info]: out of user resourse, disconnected
2024-04-17 10:35:33.357793 [info]: out of user resourse, disconnected
2024-04-17 10:35:33.358311 [info]: out of user resourse, disconnected
2024-04-17 10:35:33.358825 [info]: out of user resourse, disconnected
2024-04-17 10:35:33.359339 [info]: out of user resourse, disconnected
2024-04-17 10:35:33.359852 [info]: out of user resourse, disconnected
2024-04-17 10:35:33.360415 [info]: out of user resourse, disconnected
2024-04-17 10:35:33.360930 [info]: out of user resourse, disconnected
2024-04-17 10:35:33.361442 [info]: out of user resourse, disconnected
2024-04-17 10:35:33.361957 [info]: out of user resourse, disconnected
2024-04-17 10:35:33.362472 [info]: out of user resourse, disconnected
2024-04-17 10:35:33.362990 [info]: out of user resourse, disconnected
2024-04-17 10:35:33.363508 [info]: out of user resourse, disconnected
2024-04-17 10:35:33.364026 [info]: out of user resourse, disconnected
2024-04-17 10:35:33.365070 [info]: out of user resourse, disconnected
2024-04-17 10:35:33.365775 [info]: out of user resourse, disconnected
2024-04-17 10:35:33.366293 [info]: out of user resourse, disconnected
2024-04-17 10:35:33.366810 [info]: out of user resourse, disconnected
2024-04-17 10:35:33.367326 [info]: out of user resourse, disconnected
2024-04-17 10:35:33.367843 [info]: out of user resourse, disconnected
2024-04-17 10:35:33.368380 [info]: out of user resourse, disconnected
2024-04-17 10:35:33.368896 [info]: out of user resourse, disconnected
2024-04-17 10:35:33.369412 [info]: out of user resourse, disconnected
2024-04-17 10:35:33.369926 [info]: out of user resourse, disconnected
2024-04-17 10:35:33.370440 [info]: out of user resourse, disconnected
2024-04-17 10:35:33.370956 [info]: out of user resourse, disconnected
2024-04-17 10:35:33.371482 [info]: out of user resourse, disconnected
2024-04-17 10:35:33.371998 [info]: out of user resourse, disconnected
2024-04-17 10:35:33.372536 [info]: out of user resourse, disconnected
2024-04-17 10:35:33.373053 [info]: out of user resourse, disconnected
2024-04-17 10:35:33.373569 [info]: out of user resourse, disconnected
2024-04-17 10:35:33.374098 [info]: out of user resourse, disconnected
2024-04-17 10:35:33.374611 [info]: out of user resourse, disconnected
2024-04-17 10:35:33.375126 [info]: out of user resourse, disconnected
2024-04-17 10:35:33.375767 [info]: out of user resourse, disconnected
2024-04-17 10:35:33.376316 [info]: out of user resourse, disconnected
2024-04-17 10:35:33.376831 [info]: out of user resourse, disconnected
2024-04-17 10:35:33.377361 [info]: out of user resourse, disconnected
2024-04-17 10:35:33.377873 [info]: out of user resourse, disconnected
2024-04-17 10:35:33.378406 [info]: out of user resourse, disconnected
2024-04-17 10:35:33.378919 [info]: out of user resourse, disconnected
2024-04-17 10:35:33.379430 [info]: out of user resourse, disconnected
2024-04-17 10:35:33.379966 [info]: out of user resourse, disconnected
2024-04-17 10:35:33.380541 [info]: out of user resourse, disconnected
2024-04-17 10:35:33.381060 [info]: out of user resourse, disconnected
2024-04-17 10:35:33.381585 [info]: out of user resourse, disconnected
2024-04-17 10:35:33.382100 [info]: out of user resourse, disconnected
2024-04-17 10:35:33.382616 [info]: out of user resourse, disconnected
2024-04-17 10:35:33.383130 [info]: out of user resourse, disconnected
2024-04-17 10:35:33.383744 [info]: out of user resourse, disconnected
2024-04-17 10:35:33.384267 [info]: out of user resourse, disconnected
2024-04-17 10:35:33.384785 [info]: out of user resourse, disconnected
2024-04-17 10:35:33.385298 [info]: out of user resourse, disconnected
2024-04-17 10:35:33.385813 [info]: out of user resourse, disconnected
2024-04-17 10:35:33.386337 [info]: out of user resourse, disconnected
2024-04-17 10:35:33.386850 [info]: out of user resourse, disconnected
2024-04-17 10:35:33.387365 [info]: out of user resourse, disconnected
2024-04-17 10:35:33.387885 [info]: out of user resourse, disconnected
2024-04-17 10:35:33.388399 [info]: out of user resourse, disconnected
2024-04-17 10:35:33.388912 [info]: out of user resourse, disconnected
2024-04-17 10:35:33.389440 [info]: out of user resourse, disconnected
2024-04-17 10:35:33.389952 [info]: out of user resourse, disconnected
2024-04-17 10:35:33.390467 [info]: out of user resourse, disconnected
2024-04-17 10:35:33.390983 [info]: out of user resourse, disconnected
2024-04-17 10:35:33.391498 [info]: out of user resourse, disconnected
2024-04-17 10:35:33.392031 [info]: out of user resourse, disconnected
2024-04-17 10:35:33.392553 [info]: out of user resourse, disconnected
2024-04-17 10:35:33.393074 [info]: out of user resourse, disconnected
2024-04-17 10:35:33.393594 [info]: out of user resourse, disconnected
2024-04-17 10:35:33.394113 [info]: out of user resourse, disconnected
2024-04-17 10:35:33.394639 [info]: out of user resourse, disconnected
2024-04-17 10:35:33.395254 [info]: out of user resourse, disconnected
2024-04-17 10:35:33.395767 [info]: out of user resourse, disconnected
2024-04-17 10:35:33.396432 [info]: out of user resourse, disconnected
2024-04-17 10:35:33.396946 [info]: out of user resourse, disconnected
2024-04-17 10:35:33.397441 [info]: out of user resourse, disconnected
2024-04-17 10:35:33.397977 [info]: out of user resourse, disconnected
2024-04-17 10:35:33.398519 [info]: out of user resourse, disconnected
2024-04-17 10:35:33.399017 [info]: out of user resourse, disconnected
2024-04-17 10:35:33.399511 [info]: out of user resourse, disconnected
2024-04-17 10:35:33.400024 [info]: out of user resourse, disconnected
2024-04-17 10:35:33.400520 [info]: out of user resourse, disconnected
2024-04-17 10:35:33.401027 [info]: out of user resourse, disconnected
2024-04-17 10:35:33.401533 [info]: out of user resourse, disconnected
2024-04-17 10:35:33.402027 [info]: out of user resourse, disconnected
2024-04-17 10:35:33.402521 [info]: out of user resourse, disconnected
2024-04-17 10:35:33.403015 [info]: out of user resourse, disconnected
2024-04-17 10:35:33.403508 [info]: out of user resourse, disconnected
2024-04-17 10:35:33.404013 [info]: out of user resourse, disconnected
2024-04-17 10:35:33.404508 [info]: out of user resourse, disconnected
2024-04-17 10:35:33.405004 [info]: out of user resourse, disconnected
2024-04-17 10:35:33.405499 [info]: out of user resourse, disconnected
2024-04-17 10:35:33.405994 [info]: out of user resourse, disconnected
2024-04-17 10:35:33.406487 [info]: out of user resourse, disconnected
2024-04-17 10:35:33.406980 [info]: out of user resourse, disconnected
2024-04-17 10:35:33.407479 [info]: out of user resourse, disconnected
2024-04-17 10:35:33.408069 [info]: out of user resourse, disconnected
2024-04-17 10:35:33.408567 [info]: out of user resourse, disconnected
2024-04-17 10:35:33.409062 [info]: out of user resourse, disconnected
2024-04-17 10:35:33.409555 [info]: out of user resourse, disconnected
2024-04-17 10:35:33.410050 [info]: out of user resourse, disconnected
2024-04-17 10:35:33.410544 [info]: out of user resourse, disconnected
2024-04-17 10:35:33.411050 [info]: out of user resourse, disconnected
2024-04-17 10:35:33.411554 [info]: out of user resourse, disconnected
2024-04-17 10:35:33.412067 [info]: out of user resourse, disconnected
2024-04-17 10:35:33.412563 [info]: out of user resourse, disconnected
2024-04-17 10:35:33.413059 [info]: out of user resourse, disconnected
2024-04-17 10:35:33.413554 [info]: out of user resourse, disconnected
2024-04-17 10:35:33.414050 [info]: out of user resourse, disconnected
2024-04-17 10:35:33.414546 [info]: out of user resourse, disconnected
2024-04-17 10:35:33.415043 [info]: out of user resourse, disconnected
2024-04-17 10:35:33.415540 [info]: out of user resourse, disconnected
2024-04-17 10:35:33.416020 [info]: out of user resourse, disconnected
2024-04-17 10:35:33.416526 [info]: out of user resourse, disconnected
2024-04-17 10:35:33.417023 [info]: out of user resourse, disconnected
2024-04-17 10:35:33.417520 [info]: out of user resourse, disconnected
2024-04-17 10:35:33.418017 [info]: out of user resourse, disconnected
2024-04-17 10:35:33.418512 [info]: out of user resourse, disconnected
2024-04-17 10:35:33.418941 [info]: out of user resourse, disconnected
2024-04-17 10:35:33.419431 [info]: out of user resourse, disconnected
2024-04-17 10:35:33.419949 [info]: out of user resourse, disconnected
2024-04-17 10:35:33.420445 [info]: out of user resourse, disconnected
2024-04-17 10:35:33.420942 [info]: out of user resourse, disconnected
2024-04-17 10:35:33.421435 [info]: out of user resourse, disconnected
2024-04-17 10:35:33.421862 [info]: out of user resourse, disconnected
2024-04-17 10:35:33.422352 [info]: out of user resourse, disconnected
2024-04-17 10:35:33.422842 [info]: out of user resourse, disconnected
2024-04-17 10:35:33.423333 [info]: out of user resourse, disconnected
2024-04-17 10:35:33.423834 [info]: out of user resourse, disconnected
2024-04-17 10:35:33.424326 [info]: out of user resourse, disconnected
2024-04-17 10:35:33.424750 [info]: out of user resourse, disconnected
2024-04-17 10:35:33.425241 [info]: out of user resourse, disconnected
2024-04-17 10:35:33.425720 [info]: out of user resourse, disconnected
2024-04-17 10:35:33.426197 [info]: out of user resourse, disconnected
2024-04-17 10:35:33.426620 [info]: out of user resourse, disconnected
2024-04-17 10:35:33.427114 [info]: out of user resourse, disconnected
2024-04-17 10:35:33.427543 [info]: out of user resourse, disconnected
2024-04-17 10:35:33.428093 [info]: out of user resourse, disconnected
2024-04-17 10:35:33.428591 [info]: out of user resourse, disconnected
2024-04-17 10:35:33.429028 [info]: out of user resourse, disconnected
2024-04-17 10:35:33.429465 [info]: out of user resourse, disconnected
2024-04-17 10:35:33.429955 [info]: out of user resourse, disconnected
2024-04-17 10:35:33.430381 [info]: out of user resourse, disconnected
2024-04-17 10:35:33.430872 [info]: out of user resourse, disconnected
2024-04-17 10:35:33.431312 [info]: out of user resourse, disconnected
2024-04-17 10:35:33.431789 [info]: out of user resourse, disconnected
2024-04-17 10:35:33.432221 [info]: out of user resourse, disconnected
2024-04-17 10:35:33.432712 [info]: out of user resourse, disconnected
2024-04-17 10:35:33.433129 [info]: out of user resourse, disconnected
2024-04-17 10:35:33.433621 [info]: out of user resourse, disconnected
2024-04-17 10:35:33.434060 [info]: out of user resourse, disconnected
2024-04-17 10:35:33.434497 [info]: out of user resourse, disconnected
2024-04-17 10:35:33.434940 [info]: out of user resourse, disconnected
2024-04-17 10:35:33.435430 [info]: out of user resourse, disconnected
2024-04-17 10:35:33.435878 [info]: out of user resourse, disconnected
2024-04-17 10:35:33.436473 [info]: out of user resourse, disconnected
2024-04-17 10:35:33.436900 [info]: out of user resourse, disconnected
2024-04-17 10:35:33.437333 [info]: out of user resourse, disconnected
2024-04-17 10:35:33.437778 [info]: out of user resourse, disconnected
2024-04-17 10:35:33.438271 [info]: out of user resourse, disconnected
2024-04-17 10:35:33.438688 [info]: out of user resourse, disconnected
2024-04-17 10:35:33.439179 [info]: out of user resourse, disconnected
2024-04-17 10:35:33.439619 [info]: out of user resourse, disconnected
2024-04-17 10:35:33.440078 [info]: out of user resourse, disconnected
2024-04-17 10:35:33.440515 [info]: out of user resourse, disconnected
2024-04-17 10:35:33.441010 [info]: out of user resourse, disconnected
2024-04-17 10:35:33.441448 [info]: out of user resourse, disconnected
2024-04-17 10:35:33.441939 [info]: out of user resourse, disconnected
2024-04-17 10:35:33.442373 [info]: out of user resourse, disconnected
2024-04-17 10:35:33.442806 [info]: out of user resourse, disconnected
2024-04-17 10:35:33.443239 [info]: out of user resourse, disconnected
2024-04-17 10:35:33.443653 [info]: out of user resourse, disconnected
2024-04-17 10:35:33.444110 [info]: out of user resourse, disconnected
2024-04-17 10:35:33.444620 [info]: out of user resourse, disconnected
2024-04-17 10:35:33.445060 [info]: out of user resourse, disconnected
2024-04-17 10:35:33.445497 [info]: out of user resourse, disconnected
2024-04-17 10:35:33.445930 [info]: out of user resourse, disconnected
2024-04-17 10:35:33.446379 [info]: out of user resourse, disconnected
2024-04-17 10:35:33.446818 [info]: out of user resourse, disconnected
2024-04-17 10:35:33.447307 [info]: out of user resourse, disconnected
2024-04-17 10:35:33.447764 [info]: out of user resourse, disconnected
2024-04-17 10:35:33.448188 [info]: out of user resourse, disconnected
2024-04-17 10:35:33.448619 [info]: out of user resourse, disconnected
2024-04-17 10:35:33.449054 [info]: out of user resourse, disconnected
2024-04-17 10:35:33.449492 [info]: out of user resourse, disconnected
2024-04-17 10:35:33.449983 [info]: out of user resourse, disconnected
2024-04-17 10:35:33.450420 [info]: out of user resourse, disconnected
2024-04-17 10:35:33.450857 [info]: out of user resourse, disconnected
2024-04-17 10:35:33.451290 [info]: out of user resourse, disconnected
2024-04-17 10:35:33.451753 [info]: out of user resourse, disconnected
2024-04-17 10:35:33.452178 [info]: out of user resourse, disconnected
2024-04-17 10:35:33.452605 [info]: out of user resourse, disconnected
2024-04-17 10:35:33.453048 [info]: out of user resourse, disconnected
2024-04-17 10:35:33.453489 [info]: out of user resourse, disconnected
2024-04-17 10:35:33.454008 [info]: out of user resourse, disconnected
2024-04-17 10:35:33.454452 [info]: out of user resourse, disconnected
2024-04-17 10:35:33.454887 [info]: out of user resourse, disconnected
2024-04-17 10:35:33.455878 [info]: out of user resourse, disconnected
2024-04-17 10:35:33.456259 [info]: out of user resourse, disconnected
2024-04-17 10:35:33.456589 [info]: out of user resourse, disconnected
2024-04-17 10:35:33.456932 [info]: out of user resourse, disconnected
2024-04-17 10:35:33.457268 [info]: out of user resourse, disconnected
2024-04-17 10:35:33.457587 [info]: out of user resourse, disconnected
2024-04-17 10:35:33.457924 [info]: out of user resourse, disconnected
2024-04-17 10:35:33.458251 [info]: out of user resourse, disconnected
2024-04-17 10:35:33.458613 [info]: out of user resourse, disconnected
2024-04-17 10:35:33.459019 [info]: out of user resourse, disconnected
2024-04-17 10:35:33.459459 [info]: out of user resourse, disconnected
2024-04-17 10:35:33.459880 [info]: out of user resourse, disconnected
2024-04-17 10:35:33.460161 [info]: out of user resourse, disconnected
2024-04-17 10:35:33.460520 [info]: out of user resourse, disconnected
2024-04-17 10:35:33.460869 [info]: out of user resourse, disconnected
2024-04-17 10:35:33.461207 [info]: out of user resourse, disconnected
2024-04-17 10:35:33.461544 [info]: out of user resourse, disconnected
2024-04-17 10:35:33.461884 [info]: out of user resourse, disconnected
2024-04-17 10:35:33.462156 [info]: out of user resourse, disconnected
2024-04-17 10:35:33.462513 [info]: out of user resourse, disconnected
2024-04-17 10:35:33.462889 [info]: out of user resourse, disconnected
2024-04-17 10:35:33.463245 [info]: out of user resourse, disconnected
2024-04-17 10:35:33.463591 [info]: out of user resourse, disconnected
2024-04-17 10:35:33.463960 [info]: out of user resourse, disconnected
2024-04-17 10:35:33.464255 [info]: out of user resourse, disconnected
2024-04-17 10:35:33.464598 [info]: out of user resourse, disconnected
2024-04-17 10:35:33.464950 [info]: out of user resourse, disconnected
2024-04-17 10:35:33.465333 [info]: out of user resourse, disconnected
2024-04-17 10:35:33.465679 [info]: out of user resourse, disconnected
2024-04-17 10:35:33.466037 [info]: out of user resourse, disconnected
2024-04-17 10:35:33.466330 [info]: out of user resourse, disconnected
2024-04-17 10:35:33.466674 [info]: out of user resourse, disconnected
2024-04-17 10:35:33.471288 [info]: out of user resourse, disconnected
2024-04-17 10:35:33.471675 [info]: out of user resourse, disconnected
2024-04-17 10:35:33.472075 [info]: out of user resourse, disconnected
2024-04-17 10:35:33.472480 [info]: out of user resourse, disconnected
2024-04-17 10:35:33.473000 [info]: out of user resourse, disconnected
2024-04-17 10:35:33.473391 [info]: out of user resourse, disconnected
2024-04-17 10:35:33.473862 [info]: out of user resourse, disconnected
2024-04-17 10:35:33.474481 [info]: out of user resourse, disconnected
2024-04-17 10:35:33.474953 [info]: out of user resourse, disconnected
2024-04-17 10:35:33.475339 [info]: out of user resourse, disconnected
2024-04-17 10:35:33.476005 [info]: out of user resourse, disconnected
2024-04-17 10:35:33.476428 [info]: out of user resourse, disconnected
2024-04-17 10:35:33.476799 [info]: out of user resourse, disconnected
2024-04-17 10:35:33.477160 [info]: out of user resourse, disconnected
2024-04-17 10:35:33.477525 [info]: out of user resourse, disconnected
2024-04-17 10:35:33.478061 [info]: out of user resourse, disconnected
2024-04-17 10:35:33.478645 [info]: out of user resourse, disconnected
2024-04-17 10:35:33.479018 [info]: out of user resourse, disconnected
2024-04-17 10:35:33.479380 [info]: out of user resourse, disconnected
2024-04-17 10:35:33.479764 [info]: out of user resourse, disconnected
2024-04-17 10:35:33.480114 [info]: out of user resourse, disconnected
2024-04-17 10:35:33.480469 [info]: out of user resourse, disconnected
2024-04-17 10:35:33.480769 [info]: out of user resourse, disconnected
2024-04-17 10:35:33.481116 [info]: out of user resourse, disconnected
2024-04-17 10:35:33.481473 [info]: out of user resourse, disconnected
2024-04-17 10:35:33.481764 [info]: out of user resourse, disconnected
2024-04-17 10:35:33.482428 [info]: out of user resourse, disconnected
2024-04-17 10:35:33.483042 [info]: out of user resourse, disconnected
2024-04-17 10:35:33.483498 [info]: out of user resourse, disconnected
2024-04-17 10:35:33.483899 [info]: out of user resourse, disconnected
2024-04-17 10:35:33.484265 [info]: out of user resourse, disconnected
2024-04-17 10:35:33.484555 [info]: out of user resourse, disconnected
2024-04-17 10:35:33.485095 [info]: out of user resourse, disconnected
2024-04-17 10:35:33.485842 [info]: out of user resourse, disconnected
2024-04-17 10:35:33.486164 [info]: out of user resourse, disconnected
2024-04-17 10:35:33.486525 [info]: out of user resourse, disconnected
2024-04-17 10:35:33.487070 [info]: out of user resourse, disconnected
2024-04-17 10:35:33.487618 [info]: out of user resourse, disconnected
2024-04-17 10:35:33.487987 [info]: out of user resourse, disconnected
2024-04-17 10:35:33.488531 [info]: out of user resourse, disconnected
2024-04-17 10:35:33.488858 [info]: out of user resourse, disconnected
2024-04-17 10:35:33.489198 [info]: out of user resourse, disconnected
2024-04-17 10:35:33.489547 [info]: out of user resourse, disconnected
2024-04-17 10:35:33.489849 [info]: out of user resourse, disconnected
2024-04-17 10:35:33.490454 [info]: out of user resourse, disconnected
2024-04-17 10:35:33.490862 [info]: out of user resourse, disconnected
2024-04-17 10:35:33.491154 [info]: out of user resourse, disconnected
2024-04-17 10:35:33.491519 [info]: out of user resourse, disconnected
2024-04-17 10:35:33.492015 [info]: out of user resourse, disconnected
2024-04-17 10:35:33.492494 [info]: out of user resourse, disconnected
2024-04-17 10:35:33.493219 [info]: out of user resourse, disconnected
2024-04-17 10:35:33.493622 [info]: out of user resourse, disconnected
2024-04-17 10:35:33.493921 [info]: out of user resourse, disconnected
2024-04-17 10:35:33.494278 [info]: out of user resourse, disconnected
2024-04-17 10:35:33.494624 [info]: out of user resourse, disconnected
2024-04-17 10:35:33.494925 [info]: out of user resourse, disconnected
2024-04-17 10:35:33.495283 [info]: out of user resourse, disconnected
2024-04-17 10:35:33.495631 [info]: out of user resourse, disconnected
2024-04-17 10:35:33.496011 [info]: out of user resourse, disconnected
2024-04-17 10:35:33.496515 [info]: out of user resourse, disconnected
2024-04-17 10:35:33.497279 [info]: out of user resourse, disconnected
2024-04-17 10:35:33.497574 [info]: out of user resourse, disconnected
2024-04-17 10:35:33.497932 [info]: out of user resourse, disconnected
2024-04-17 10:35:33.498499 [info]: out of user resourse, disconnected
2024-04-17 10:35:33.499006 [info]: out of user resourse, disconnected
2024-04-17 10:35:33.499389 [info]: out of user resourse, disconnected
2024-04-17 10:35:33.499738 [info]: out of user resourse, disconnected
2024-04-17 10:35:33.500068 [info]: out of user resourse, disconnected
2024-04-17 10:35:33.500603 [info]: out of user resourse, disconnected
2024-04-17 10:35:33.501235 [info]: out of user resourse, disconnected
2024-04-17 10:35:33.501540 [info]: out of user resourse, disconnected
2024-04-17 10:35:33.501893 [info]: out of user resourse, disconnected
2024-04-17 10:35:33.502238 [info]: out of user resourse, disconnected
2024-04-17 10:35:33.502536 [info]: out of user resourse, disconnected
2024-04-17 10:35:33.502886 [info]: out of user resourse, disconnected
2024-04-17 10:35:33.503228 [info]: out of user resourse, disconnected
2024-04-17 10:35:33.503526 [info]: out of user resourse, disconnected
2024-04-17 10:35:33.504174 [info]: out of user resourse, disconnected
2024-04-17 10:35:33.504562 [info]: out of user resourse, disconnected
2024-04-17 10:35:33.504861 [info]: out of user resourse, disconnected
2024-04-17 10:35:33.505215 [info]: out of user resourse, disconnected
2024-04-17 10:35:33.505587 [info]: out of user resourse, disconnected
2024-04-17 10:35:33.505906 [info]: out of user resourse, disconnected
2024-04-17 10:35:33.506247 [info]: out of user resourse, disconnected
2024-04-17 10:35:33.507035 [info]: out of user resourse, disconnected
2024-04-17 10:35:33.507368 [info]: out of user resourse, disconnected
2024-04-17 10:35:33.507715 [info]: out of user resourse, disconnected
2024-04-17 10:35:33.508088 [info]: out of user resourse, disconnected
2024-04-17 10:35:33.508383 [info]: out of user resourse, disconnected
2024-04-17 10:35:33.508918 [info]: out of user resourse, disconnected
2024-04-17 10:35:33.509674 [info]: out of user resourse, disconnected
2024-04-17 10:35:33.510002 [info]: out of user resourse, disconnected
2024-04-17 10:35:33.510357 [info]: out of user resourse, disconnected
2024-04-17 10:35:33.510701 [info]: out of user resourse, disconnected
2024-04-17 10:35:33.511197 [info]: out of user resourse, disconnected
2024-04-17 10:35:33.512133 [info]: out of user resourse, disconnected
2024-04-17 10:35:33.512522 [info]: out of user resourse, disconnected
2024-04-17 10:35:33.512981 [info]: out of user resourse, disconnected
2024-04-17 10:35:33.513545 [info]: out of user resourse, disconnected
2024-04-17 10:35:33.513994 [info]: out of user resourse, disconnected
2024-04-17 10:35:33.514294 [info]: out of user resourse, disconnected
2024-04-17 10:35:33.514833 [info]: out of user resourse, disconnected
2024-04-17 10:35:33.515394 [info]: out of user resourse, disconnected
2024-04-17 10:35:33.515734 [info]: out of user resourse, disconnected
2024-04-17 10:35:33.516099 [info]: out of user resourse, disconnected
2024-04-17 10:35:33.516467 [info]: out of user resourse, disconnected
2024-04-17 10:35:33.516948 [info]: out of user resourse, disconnected
2024-04-17 10:35:33.517572 [info]: out of user resourse, disconnected
2024-04-17 10:35:33.518139 [info]: out of user resourse, disconnected
2024-04-17 10:35:33.518467 [info]: out of user resourse, disconnected
2024-04-17 10:35:33.518828 [info]: out of user resourse, disconnected
2024-04-17 10:35:33.519183 [info]: out of user resourse, disconnected
2024-04-17 10:35:33.519491 [info]: out of user resourse, disconnected
2024-04-17 10:35:33.519976 [info]: out of user resourse, disconnected
2024-04-17 10:35:33.520537 [info]: out of user resourse, disconnected
2024-04-17 10:35:33.521236 [info]: out of user resourse, disconnected
2024-04-17 10:35:33.521612 [info]: out of user resourse, disconnected
2024-04-17 10:35:33.521980 [info]: out of user resourse, disconnected
2024-04-17 10:35:33.522510 [info]: out of user resourse, disconnected
2024-04-17 10:35:33.524055 [info]: out of user resourse, disconnected
2024-04-17 10:35:33.524575 [info]: out of user resourse, disconnected
2024-04-17 10:35:33.524890 [info]: out of user resourse, disconnected
2024-04-17 10:35:33.525385 [info]: out of user resourse, disconnected
2024-04-17 10:35:33.526114 [info]: out of user resourse, disconnected
2024-04-17 10:35:33.526662 [info]: out of user resourse, disconnected
2024-04-17 10:35:33.527046 [info]: out of user resourse, disconnected
2024-04-17 10:35:33.527585 [info]: out of user resourse, disconnected
2024-04-17 10:35:33.527953 [info]: out of user resourse, disconnected
2024-04-17 10:35:33.528312 [info]: out of user resourse, disconnected
2024-04-17 10:35:33.528931 [info]: out of user resourse, disconnected
2024-04-17 10:35:33.529686 [info]: out of user resourse, disconnected
2024-04-17 10:35:33.530104 [info]: out of user resourse, disconnected
2024-04-17 10:35:33.530661 [info]: out of user resourse, disconnected
2024-04-17 10:35:33.531346 [info]: out of user resourse, disconnected
2024-04-17 10:35:33.531723 [info]: out of user resourse, disconnected
2024-04-17 10:35:33.532168 [info]: out of user resourse, disconnected
2024-04-17 10:35:33.532734 [info]: out of user resourse, disconnected
2024-04-17 10:35:33.533354 [info]: out of user resourse, disconnected
2024-04-17 10:35:33.533707 [info]: out of user resourse, disconnected
2024-04-17 10:35:33.534030 [info]: out of user resourse, disconnected
2024-04-17 10:35:33.534595 [info]: out of user resourse, disconnected
2024-04-17 10:35:33.535176 [info]: out of user resourse, disconnected
2024-04-17 10:35:33.535662 [info]: out of user resourse, disconnected
2024-04-17 10:35:33.536052 [info]: out of user resourse, disconnected
2024-04-17 10:35:33.536418 [info]: out of user resourse, disconnected
2024-04-17 10:35:33.536905 [info]: out of user resourse, disconnected
2024-04-17 10:35:33.537694 [info]: out of user resourse, disconnected
2024-04-17 10:35:33.538083 [info]: out of user resourse, disconnected
2024-04-17 10:35:33.538462 [info]: out of user resourse, disconnected
2024-04-17 10:35:33.538820 [info]: out of user resourse, disconnected
2024-04-17 10:35:33.539374 [info]: out of user resourse, disconnected
2024-04-17 10:35:33.539966 [info]: out of user resourse, disconnected
