2024-04-17 10:35:38.223875 [info]: out of user resourse, disconnected
2024-04-17 10:35:38.224403 [info]: out of user resourse, disconnected
2024-04-17 10:35:38.224834 [info]: out of user resourse, disconnected
2024-04-17 10:35:38.225280 [info]: out of user resourse, disconnected
2024-04-17 10:35:38.225713 [info]: out of user resourse, disconnected
2024-04-17 10:35:38.226157 [info]: out of user resourse, disconnected
2024-04-17 10:35:38.226598 [info]: out of user resourse, disconnected
2024-04-17 10:35:38.227033 [info]: out of user resourse, disconnected
2024-04-17 10:35:38.227469 [info]: out of user resourse, disconnected
2024-04-17 10:35:38.227914 [info]: out of user resourse, disconnected
2024-04-17 10:35:38.228343 [info]: out of user resourse, disconnected
2024-04-17 10:35:38.228780 [info]: out of user resourse, disconnected
2024-04-17 10:35:38.229218 [info]: out of user resourse, disconnected
2024-04-17 10:35:38.229724 [info]: out of user resourse, disconnected
2024-04-17 10:35:38.230168 [info]: out of user resourse, disconnected
2024-04-17 10:35:38.230606 [info]: out of user resourse, disconnected
2024-04-17 10:35:38.231052 [info]: out of user resourse, disconnected
2024-04-17 10:35:38.231487 [info]: out of user resourse, disconnected
2024-04-17 10:35:38.231931 [info]: out of user resourse, disconnected
2024-04-17 10:35:38.232637 [info]: out of user resourse, disconnected
2024-04-17 10:35:38.233080 [info]: out of user resourse, disconnected
2024-04-17 10:35:38.233516 [info]: out of user resourse, disconnected
2024-04-17 10:35:38.233952 [info]: out of user resourse, disconnected
2024-04-17 10:35:38.234405 [info]: out of user resourse, disconnected
2024-04-17 10:35:38.234826 [info]: out of user resourse, disconnected
2024-04-17 10:35:38.235265 [info]: out of user resourse, disconnected
2024-04-17 10:35:38.235790 [info]: out of user resourse, disconnected
2024-04-17 10:35:38.236278 [info]: out of user resourse, disconnected
2024-04-17 10:35:38.236716 [info]: out of user resourse, disconnected
2024-04-17 10:35:38.237157 [info]: out of user resourse, disconnected
2024-04-17 10:35:38.237598 [info]: out of user resourse, disconnected
2024-04-17 10:35:38.238035 [info]: out of user resourse, disconnected
2024-04-17 10:35:38.238471 [info]: out of user resourse, disconnected
2024-04-17 10:35:38.238905 [info]: out of user resourse, disconnected
2024-04-17 10:35:38.239330 [info]: out of user resourse, disconnected
2024-04-17 10:35:38.239787 [info]: out of user resourse, disconnected
2024-04-17 10:35:38.240228 [info]: out of user resourse, disconnected
2024-04-17 10:35:38.240669 [info]: out of user resourse, disconnected
2024-04-17 10:35:38.241109 [info]: out of user resourse, disconnected
2024-04-17 10:35:38.241624 [info]: out of user resourse, disconnected
2024-04-17 10:35:38.242058 [info]: out of user resourse, disconnected
2024-04-17 10:35:38.242493 [info]: out of user resourse, disconnected
2024-04-17 10:35:38.242917 [info]: out of user resourse, disconnected
2024-04-17 10:35:38.243341 [info]: out of user resourse, disconnected
2024-04-17 10:35:38.243794 [info]: out of user resourse, disconnected
2024-04-17 10:35:38.244236 [info]: out of user resourse, disconnected
2024-04-17 10:35:38.244675 [info]: out of user resourse, disconnected
2024-04-17 10:35:38.245119 [info]: out of user resourse, disconnected
2024-04-17 10:35:38.245552 [info]: out of user resourse, disconnected
2024-04-17 10:35:38.245998 [info]: out of user resourse, disconnected
2024-04-17 10:35:38.246435 [info]: out of user resourse, disconnected
2024-04-17 10:35:38.246863 [info]: out of user resourse, disconnected
2024-04-17 10:35:38.247298 [info]: out of user resourse, disconnected
2024-04-17 10:35:38.247772 [info]: out of user resourse, disconnected
2024-04-17 10:35:38.248217 [info]: out of user resourse, disconnected
2024-04-17 10:35:38.248659 [info]: out of user resourse, disconnected
2024-04-17 10:35:38.249098 [info]: out of user resourse, disconnected
2024-04-17 10:35:38.249538 [info]: out of user resourse, disconnected
2024-04-17 10:35:38.249971 [info]: out of user resourse, disconnected
2024-04-17 10:35:38.250411 [info]: out of user resourse, disconnected
2024-04-17 10:35:38.250835 [info]: out of user resourse, disconnected
2024-04-17 10:35:38.251272 [info]: out of user resourse, disconnected
2024-04-17 10:35:38.251727 [info]: out of user resourse, disconnected
2024-04-17 10:35:38.252170 [info]: out of user resourse, disconnected
2024-04-17 10:35:38.252608 [info]: out of user resourse, disconnected
2024-04-17 10:35:38.253043 [info]: out of user resourse, disconnected
2024-04-17 10:35:38.253477 [info]: out of user resourse, disconnected
2024-04-17 10:35:38.253910 [info]: out of user resourse, disconnected
2024-04-17 10:35:38.254333 [info]: out of user resourse, disconnected
2024-04-17 10:35:38.254770 [info]: out of user resourse, disconnected
2024-04-17 10:35:38.255281 [info]: out of user resourse, disconnected
2024-04-17 10:35:38.255749 [info]: out of user resourse, disconnected
2024-04-17 10:35:38.256636 [info]: out of user resourse, disconnected
2024-04-17 10:35:38.257084 [info]: out of user resourse, disconnected
2024-04-17 10:35:38.257523 [info]: out of user resourse, disconnected
2024-04-17 10:35:38.257995 [info]: out of user resourse, disconnected
2024-04-17 10:35:38.258426 [info]: out of user resourse, disconnected
2024-04-17 10:35:38.258844 [info]: out of user resourse, disconnected
2024-04-17 10:35:38.259270 [info]: out of user resourse, disconnected
2024-04-17 10:35:38.259718 [info]: out of user resourse, disconnected
2024-04-17 10:35:38.260164 [info]: out of user resourse, disconnected
2024-04-17 10:35:38.260593 [info]: out of user resourse, disconnected
2024-04-17 10:35:38.261030 [info]: out of user resourse, disconnected
2024-04-17 10:35:38.261457 [info]: out of user resourse, disconnected
2024-04-17 10:35:38.261873 [info]: out of user resourse, disconnected
2024-04-17 10:35:38.262298 [info]: out of user resourse, disconnected
2024-04-17 10:35:38.262726 [info]: out of user resourse, disconnected
2024-04-17 10:35:38.263153 [info]: out of user resourse, disconnected
2024-04-17 10:35:38.263583 [info]: out of user resourse, disconnected
2024-04-17 10:35:38.264025 [info]: out of user resourse, disconnected
2024-04-17 10:35:38.264447 [info]: out of user resourse, disconnected
2024-04-17 10:35:38.264857 [info]: out of user resourse, disconnected
2024-04-17 10:35:38.265285 [info]: out of user resourse, disconnected
2024-04-17 10:35:38.265712 [info]: out of user resourse, disconnected
2024-04-17 10:35:38.266141 [info]: out of user resourse, disconnected
2024-04-17 10:35:38.266567 [info]: out of user resourse, disconnected
2024-04-17 10:35:38.266990 [info]: out of user resourse, disconnected
2024-04-17 10:35:38.267412 [info]: out of user resourse, disconnected
2024-04-17 10:35:38.267834 [info]: out of user resourse, disconnected
2024-04-17 10:35:38.268263 [info]: out of user resourse, disconnected
2024-04-17 10:35:38.268694 [info]: out of user resourse, disconnected
2024-04-17 10:35:38.269119 [info]: out of user resourse, disconnected
2024-04-17 10:35:38.269546 [info]: out of user resourse, disconnected
2024-04-17 10:35:38.269968 [info]: out of user resourse, disconnected
2024-04-17 10:35:38.270380 [info]: out of user resourse, disconnected
2024-04-17 10:35:38.270801 [info]: out of user resourse, disconnected
2024-04-17 10:35:38.271227 [info]: out of user resourse, disconnected
2024-04-17 10:35:38.271653 [info]: out of user resourse, disconnected
2024-04-17 10:35:38.272110 [info]: out of user resourse, disconnected
2024-04-17 10:35:38.272535 [info]: out of user resourse, disconnected
2024-04-17 10:35:38.272961 [info]: out of user resourse, disconnected
2024-04-17 10:35:38.273373 [info]: out of user resourse, disconnected
2024-04-17 10:35:38.273799 [info]: out of user resourse, disconnected
2024-04-17 10:35:38.274225 [info]: out of user resourse, disconnected
2024-04-17 10:35:38.274651 [info]: out of user resourse, disconnected
2024-04-17 10:35:38.275079 [info]: out of user resourse, disconnected
2024-04-17 10:35:38.275578 [info]: out of user resourse, disconnected
2024-04-17 10:35:38.276037 [info]: out of user resourse, disconnected
2024-04-17 10:35:38.276469 [info]: out of user resourse, disconnected
2024-04-17 10:35:38.276882 [info]: out of user resourse, disconnected
2024-04-17 10:35:38.277305 [info]: out of user resourse, disconnected
2024-04-17 10:35:38.277734 [info]: out of user resourse, disconnected
2024-04-17 10:35:38.278161 [info]: out of user resourse, disconnected
2024-04-17 10:35:38.278583 [info]: out of user resourse, disconnected
2024-04-17 10:35:38.279003 [info]: out of user resourse, disconnected
2024-04-17 10:35:38.279422 [info]: out of user resourse, disconnected
2024-04-17 10:35:38.279844 [info]: out of user resourse, disconnected
2024-04-17 10:35:38.280270 [info]: out of user resourse, disconnected
2024-04-17 10:35:38.280695 [info]: out of user resourse, disconnected
2024-04-17 10:35:38.281116 [info]: out of user resourse, disconnected
2024-04-17 10:35:38.281535 [info]: out of user resourse, disconnected
2024-04-17 10:35:38.281948 [info]: out of user resourse, disconnected
2024-04-17 10:35:38.282359 [info]: out of user resourse, disconnected
2024-04-17 10:35:38.282783 [info]: out of user resourse, disconnected
2024-04-17 10:35:38.283209 [info]: out of user resourse, disconnected
2024-04-17 10:35:38.283632 [info]: out of user resourse, disconnected
2024-04-17 10:35:38.284071 [info]: out of user resourse, disconnected
2024-04-17 10:35:38.284493 [info]: out of user resourse, disconnected
2024-04-17 10:35:38.284911 [info]: out of user resourse, disconnected
2024-04-17 10:35:38.285322 [info]: out of user resourse, disconnected
2024-04-17 10:35:38.285747 [info]: out of user resourse, disconnected
2024-04-17 10:35:38.286173 [info]: out of user resourse, disconnected
2024-04-17 10:35:38.286594 [info]: out of user resourse, disconnected
2024-04-17 10:35:38.287014 [info]: out of user resourse, disconnected
2024-04-17 10:35:38.287513 [info]: out of user resourse, disconnected
2024-04-17 10:35:38.287948 [info]: out of user resourse, disconnected
2024-04-17 10:35:38.288363 [info]: out of user resourse, disconnected
2024-04-17 10:35:38.288788 [info]: out of user resourse, disconnected
2024-04-17 10:35:38.289215 [info]: out of user resourse, disconnected
2024-04-17 10:35:38.289646 [info]: out of user resourse, disconnected
2024-04-17 10:35:38.290069 [info]: out of user resourse, disconnected
2024-04-17 10:35:38.290489 [info]: out of user resourse, disconnected
2024-04-17 10:35:38.290900 [info]: out of user resourse, disconnected
2024-04-17 10:35:38.291328 [info]: out of user resourse, disconnected
2024-04-17 10:35:38.291781 [info]: out of user resourse, disconnected
2024-04-17 10:35:38.292209 [info]: out of user resourse, disconnected
2024-04-17 10:35:38.292634 [info]: out of user resourse, disconnected
2024-04-17 10:35:38.293056 [info]: out of user resourse, disconnected
2024-04-17 10:35:38.293475 [info]: out of user resourse, disconnected
2024-04-17 10:35:38.293886 [info]: out of user resourse, disconnected
2024-04-17 10:35:38.294320 [info]: out of user resourse, disconnected
2024-04-17 10:35:38.294748 [info]: out of user resourse, disconnected
2024-04-17 10:35:38.295176 [info]: out of user resourse, disconnected
2024-04-17 10:35:38.295602 [info]: out of user resourse, disconnected
2024-04-17 10:35:38.296082 [info]: out of user resourse, disconnected
2024-04-17 10:35:38.296536 [info]: out of user resourse, disconnected
2024-04-17 10:35:38.296957 [info]: out of user resourse, disconnected
2024-04-17 10:35:38.297377 [info]: out of user resourse, disconnected
2024-04-17 10:35:38.297807 [info]: out of user resourse, disconnected
2024-04-17 10:35:38.298236 [info]: out of user resourse, disconnected
2024-04-17 10:35:38.298665 [info]: out of user resourse, disconnected
2024-04-17 10:35:38.299091 [info]: out of user resourse, disconnected
2024-04-17 10:35:38.299513 [info]: out of user resourse, disconnected
2024-04-17 10:35:38.299956 [info]: out of user resourse, disconnected
2024-04-17 10:35:38.300369 [info]: out of user resourse, disconnected
2024-04-17 10:35:38.300801 [info]: out of user resourse, disconnected
2024-04-17 10:35:38.301245 [info]: out of user resourse, disconnected
2024-04-17 10:35:38.301673 [info]: out of user resourse, disconnected
2024-04-17 10:35:38.302098 [info]: out of user resourse, disconnected
2024-04-17 10:35:38.302509 [info]: out of user resourse, disconnected
2024-04-17 10:35:38.303002 [info]: out of user resourse, disconnected
2024-04-17 10:35:38.303423 [info]: out of user resourse, disconnected
2024-04-17 10:35:38.303846 [info]: out of user resourse, disconnected
2024-04-17 10:35:38.304273 [info]: out of user resourse, disconnected
2024-04-17 10:35:38.304698 [info]: out of user resourse, disconnected
2024-04-17 10:35:38.305120 [info]: out of user resourse, disconnected
2024-04-17 10:35:38.305540 [info]: out of user resourse, disconnected
2024-04-17 10:35:38.305968 [info]: out of user resourse, disconnected
2024-04-17 10:35:38.306384 [info]: out of user resourse, disconnected
2024-04-17 10:35:38.306813 [info]: out of user resourse, disconnected
2024-04-17 10:35:38.307242 [info]: out of user resourse, disconnected
2024-04-17 10:35:38.307704 [info]: out of user resourse, disconnected
2024-04-17 10:35:38.308133 [info]: out of user resourse, disconnected
2024-04-17 10:35:38.308561 [info]: out of user resourse, disconnected
2024-04-17 10:35:38.308980 [info]: out of user resourse, disconnected
2024-04-17 10:35:38.309397 [info]: out of user resourse, disconnected
2024-04-17 10:35:38.309824 [info]: out of user resourse, disconnected
2024-04-17 10:35:38.310251 [info]: out of user resourse, disconnected
2024-04-17 10:35:38.310686 [info]: out of user resourse, disconnected
2024-04-17 10:35:38.311110 [info]: out of user resourse, disconnected
2024-04-17 10:35:38.311533 [info]: out of user resourse, disconnected
2024-04-17 10:35:38.312016 [info]: out of user resourse, disconnected
2024-04-17 10:35:38.312440 [info]: out of user resourse, disconnected
2024-04-17 10:35:38.312855 [info]: out of user resourse, disconnected
2024-04-17 10:35:38.313281 [info]: out of user resourse, disconnected
2024-04-17 10:35:38.313707 [info]: out of user resourse, disconnected
2024-04-17 10:35:38.314132 [info]: out of user resourse, disconnected
2024-04-17 10:35:38.314554 [info]: out of user resourse, disconnected
2024-04-17 10:35:38.314973 [info]: out of user resourse, disconnected
2024-04-17 10:35:38.315384 [info]: out of user resourse, disconnected
2024-04-17 10:35:38.315823 [info]: out of user resourse, disconnected
2024-04-17 10:35:38.316254 [info]: out of user resourse, disconnected
2024-04-17 10:35:38.316673 [info]: out of user resourse, disconnected
2024-04-17 10:35:38.317094 [info]: out of user resourse, disconnected
2024-04-17 10:35:38.317682 [info]: out of user resourse, disconnected
2024-04-17 10:35:38.318202 [info]: out of user resourse, disconnected
2024-04-17 10:35:38.318631 [info]: out of user resourse, disconnected
2024-04-17 10:35:38.319093 [info]: out of user resourse, disconnected
2024-04-17 10:35:38.319550 [info]: out of user resourse, disconnected
2024-04-17 10:35:38.320049 [info]: out of user resourse, disconnected
2024-04-17 10:35:38.320476 [info]: out of user resourse, disconnected
2024-04-17 10:35:38.320889 [info]: out of user resourse, disconnected
2024-04-17 10:35:38.321323 [info]: out of user resourse, disconnected
2024-04-17 10:35:38.321753 [info]: out of user resourse, disconnected
2024-04-17 10:35:38.322178 [info]: out of user resourse, disconnected
2024-04-17 10:35:38.322661 [info]: out of user resourse, disconnected
2024-04-17 10:35:38.323086 [info]: out of user resourse, disconnected
2024-04-17 10:35:38.323508 [info]: out of user resourse, disconnected
2024-04-17 10:35:38.323946 [info]: out of user resourse, disconnected
2024-04-17 10:35:38.324366 [info]: out of user resourse, disconnected
2024-04-17 10:35:38.324795 [info]: out of user resourse, disconnected
2024-04-17 10:35:38.325282 [info]: out of user resourse, disconnected
2024-04-17 10:35:38.325712 [info]: out of user resourse, disconnected
2024-04-17 10:35:38.326138 [info]: out of user resourse, disconnected
2024-04-17 10:35:38.326561 [info]: out of user resourse, disconnected
2024-04-17 10:35:38.326985 [info]: out of user resourse, disconnected
2024-04-17 10:35:38.327399 [info]: out of user resourse, disconnected
2024-04-17 10:35:38.327892 [info]: out of user resourse, disconnected
2024-04-17 10:35:38.328325 [info]: out of user resourse, disconnected
2024-04-17 10:35:38.328752 [info]: out of user resourse, disconnected
2024-04-17 10:35:38.329179 [info]: out of user resourse, disconnected
2024-04-17 10:35:38.329606 [info]: out of user resourse, disconnected
2024-04-17 10:35:38.330033 [info]: out of user resourse, disconnected
2024-04-17 10:35:38.330516 [info]: out of user resourse, disconnected
2024-04-17 10:35:38.330959 [info]: out of user resourse, disconnected
2024-04-17 10:35:38.331373 [info]: out of user resourse, disconnected
2024-04-17 10:35:38.331824 [info]: out of user resourse, disconnected
2024-04-17 10:35:38.332266 [info]: out of user resourse, disconnected
2024-04-17 10:35:38.332702 [info]: out of user resourse, disconnected
2024-04-17 10:35:38.333190 [info]: out of user resourse, disconnected
2024-04-17 10:35:38.333651 [info]: out of user resourse, disconnected
2024-04-17 10:35:38.334084 [info]: out of user resourse, disconnected
2024-04-17 10:35:38.334513 [info]: out of user resourse, disconnected
2024-04-17 10:35:38.334934 [info]: out of user resourse, disconnected
2024-04-17 10:35:38.335366 [info]: out of user resourse, disconnected
2024-04-17 10:35:38.335868 [info]: out of user resourse, disconnected
2024-04-17 10:35:38.336323 [info]: out of user resourse, disconnected
2024-04-17 10:35:38.336764 [info]: out of user resourse, disconnected
2024-04-17 10:35:38.337199 [info]: out of user resourse, disconnected
2024-04-17 10:35:38.337633 [info]: out of user resourse, disconnected
2024-04-17 10:35:38.338066 [info]: out of user resourse, disconnected
2024-04-17 10:35:38.338490 [info]: out of user resourse, disconnected
2024-04-17 10:35:38.338915 [info]: out of user resourse, disconnected
2024-04-17 10:35:38.339349 [info]: out of user resourse, disconnected
2024-04-17 10:35:38.339813 [info]: out of user resourse, disconnected
2024-04-17 10:35:38.340251 [info]: out of user resourse, disconnected
2024-04-17 10:35:38.340684 [info]: out of user resourse, disconnected
2024-04-17 10:35:38.341116 [info]: out of user resourse, disconnected
2024-04-17 10:35:38.341548 [info]: out of user resourse, disconnected
2024-04-17 10:35:38.341980 [info]: out of user resourse, disconnected
2024-04-17 10:35:38.342401 [info]: out of user resourse, disconnected
2024-04-17 10:35:38.342837 [info]: out of user resourse, disconnected
2024-04-17 10:35:38.343274 [info]: out of user resourse, disconnected
2024-04-17 10:35:38.343747 [info]: out of user resourse, disconnected
2024-04-17 10:35:38.344187 [info]: out of user resourse, disconnected
2024-04-17 10:35:38.344625 [info]: out of user resourse, disconnected
2024-04-17 10:35:38.345061 [info]: out of user resourse, disconnected
2024-04-17 10:35:38.345494 [info]: out of user resourse, disconnected
2024-04-17 10:35:38.345918 [info]: out of user resourse, disconnected
2024-04-17 10:35:38.346354 [info]: out of user resourse, disconnected
2024-04-17 10:35:38.347149 [info]: out of user resourse, disconnected
2024-04-17 10:35:38.347591 [info]: out of user resourse, disconnected
2024-04-17 10:35:38.348060 [info]: out of user resourse, disconnected
2024-04-17 10:35:38.348496 [info]: out of user resourse, disconnected
2024-04-17 10:35:38.349002 [info]: out of user resourse, disconnected
2024-04-17 10:35:38.349425 [info]: out of user resourse, disconnected
2024-04-17 10:35:38.349864 [info]: out of user resourse, disconnected
2024-04-17 10:35:38.350301 [info]: out of user resourse, disconnected
2024-04-17 10:35:38.350735 [info]: out of user resourse, disconnected
2024-04-17 10:35:38.351180 [info]: out of user resourse, disconnected
2024-04-17 10:35:38.351617 [info]: out of user resourse, disconnected
2024-04-17 10:35:38.352069 [info]: out of user resourse, disconnected
2024-04-17 10:35:38.352508 [info]: out of user resourse, disconnected
2024-04-17 10:35:38.352939 [info]: out of user resourse, disconnected
2024-04-17 10:35:38.353375 [info]: out of user resourse, disconnected
2024-04-17 10:35:38.353811 [info]: out of user resourse, disconnected
2024-04-17 10:35:38.354248 [info]: out of user resourse, disconnected
2024-04-17 10:35:38.354682 [info]: out of user resourse, disconnected
2024-04-17 10:35:38.355114 [info]: out of user resourse, disconnected
2024-04-17 10:35:38.355558 [info]: out of user resourse, disconnected
2024-04-17 10:35:38.356011 [info]: out of user resourse, disconnected
2024-04-17 10:35:38.356437 [info]: out of user resourse, disconnected
2024-04-17 10:35:38.356949 [info]: out of user resourse, disconnected
2024-04-17 10:35:38.357388 [info]: out of user resourse, disconnected
2024-04-17 10:35:38.357826 [info]: out of user resourse, disconnected
2024-04-17 10:35:38.358265 [info]: out of user resourse, disconnected
2024-04-17 10:35:38.358701 [info]: out of user resourse, disconnected
2024-04-17 10:35:38.359133 [info]: out of user resourse, disconnected
2024-04-17 10:35:38.359575 [info]: out of user resourse, disconnected
2024-04-17 10:35:38.360009 [info]: out of user resourse, disconnected
2024-04-17 10:35:38.360434 [info]: out of user resourse, disconnected
2024-04-17 10:35:38.360867 [info]: out of user resourse, disconnected
2024-04-17 10:35:38.361307 [info]: out of user resourse, disconnected
2024-04-17 10:35:38.361743 [info]: out of user resourse, disconnected
2024-04-17 10:35:38.362177 [info]: out of user resourse, disconnected
2024-04-17 10:35:38.362615 [info]: out of user resourse, disconnected
2024-04-17 10:35:38.363046 [info]: out of user resourse, disconnected
2024-04-17 10:35:38.363466 [info]: out of user resourse, disconnected
2024-04-17 10:35:38.363916 [info]: out of user resourse, disconnected
2024-04-17 10:35:38.364352 [info]: out of user resourse, disconnected
2024-04-17 10:35:38.364787 [info]: out of user resourse, disconnected
2024-04-17 10:35:38.365297 [info]: out of user resourse, disconnected
2024-04-17 10:35:38.365731 [info]: out of user resourse, disconnected
2024-04-17 10:35:38.366178 [info]: out of user resourse, disconnected
2024-04-17 10:35:38.366608 [info]: out of user resourse, disconnected
2024-04-17 10:35:38.367038 [info]: out of user resourse, disconnected
2024-04-17 10:35:38.367462 [info]: out of user resourse, disconnected
2024-04-17 10:35:38.367904 [info]: out of user resourse, disconnected
2024-04-17 10:35:38.368340 [info]: out of user resourse, disconnected
2024-04-17 10:35:38.368777 [info]: out of user resourse, disconnected
2024-04-17 10:35:38.369213 [info]: out of user resourse, disconnected
2024-04-17 10:35:38.369715 [info]: out of user resourse, disconnected
2024-04-17 10:35:38.370181 [info]: out of user resourse, disconnected
2024-04-17 10:35:38.370614 [info]: out of user resourse, disconnected
2024-04-17 10:35:38.371042 [info]: out of user resourse, disconnected
2024-04-17 10:35:38.371462 [info]: out of user resourse, disconnected
2024-04-17 10:35:38.371913 [info]: out of user resourse, disconnected
2024-04-17 10:35:38.372348 [info]: out of user resourse, disconnected
2024-04-17 10:35:38.372783 [info]: out of user resourse, disconnected
2024-04-17 10:35:38.373223 [info]: out of user resourse, disconnected
2024-04-17 10:35:38.373655 [info]: out of user resourse, disconnected
2024-04-17 10:35:38.374101 [info]: out of user resourse, disconnected
2024-04-17 10:35:38.374532 [info]: out of user resourse, disconnected
2024-04-17 10:35:38.374954 [info]: out of user resourse, disconnected
2024-04-17 10:35:38.375389 [info]: out of user resourse, disconnected
2024-04-17 10:35:38.375863 [info]: out of user resourse, disconnected
2024-04-17 10:35:38.376304 [info]: out of user resourse, disconnected
2024-04-17 10:35:38.376741 [info]: out of user resourse, disconnected
2024-04-17 10:35:38.377181 [info]: out of user resourse, disconnected
2024-04-17 10:35:38.377615 [info]: out of user resourse, disconnected
2024-04-17 10:35:38.378037 [info]: out of user resourse, disconnected
2024-04-17 10:35:38.378578 [info]: out of user resourse, disconnected
2024-04-17 10:35:38.379026 [info]: out of user resourse, disconnected
2024-04-17 10:35:38.379454 [info]: out of user resourse, disconnected
2024-04-17 10:35:38.379954 [info]: out of user resourse, disconnected
2024-04-17 10:35:38.380460 [info]: out of user resourse, disconnected
2024-04-17 10:35:38.380892 [info]: out of user resourse, disconnected
2024-04-17 10:35:38.381356 [info]: out of user resourse, disconnected
2024-04-17 10:35:38.381804 [info]: out of user resourse, disconnected
2024-04-17 10:35:38.382251 [info]: out of user resourse, disconnected
2024-04-17 10:35:38.382688 [info]: out of user resourse, disconnected
2024-04-17 10:35:38.383202 [info]: out of user resourse, disconnected
2024-04-17 10:35:38.383638 [info]: out of user resourse, disconnected
2024-04-17 10:35:38.384080 [info]: out of user resourse, disconnected
2024-04-17 10:35:38.384512 [info]: out of user resourse, disconnected
2024-04-17 10:35:38.384936 [info]: out of user resourse, disconnected
2024-04-17 10:35:38.385373 [info]: out of user resourse, disconnected
2024-04-17 10:35:38.385811 [info]: out of user resourse, disconnected
2024-04-17 10:35:38.386248 [info]: out of user resourse, disconnected
2024-04-17 10:35:38.386682 [info]: out of user resourse, disconnected
2024-04-17 10:35:38.387123 [info]: out of user resourse, disconnected
2024-04-17 10:35:38.387551 [info]: out of user resourse, disconnected
2024-04-17 10:35:38.388003 [info]: out of user resourse, disconnected
2024-04-17 10:35:38.388430 [info]: out of user resourse, disconnected
2024-04-17 10:35:38.388869 [info]: out of user resourse, disconnected
2024-04-17 10:35:38.389307 [info]: out of user resourse, disconnected
2024-04-17 10:35:38.389747 [info]: out of user resourse, disconnected
2024-04-17 10:35:38.390182 [info]: out of user resourse, disconnected
2024-04-17 10:35:38.390616 [info]: out of user resourse, disconnected
2024-04-17 10:35:38.391037 [info]: out of user resourse, disconnected
2024-04-17 10:35:38.391458 [info]: out of user resourse, disconnected
2024-04-17 10:35:38.391903 [info]: out of user resourse, disconnected
2024-04-17 10:35:38.392342 [info]: out of user resourse, disconnected
2024-04-17 10:35:38.392780 [info]: out of user resourse, disconnected
2024-04-17 10:35:38.393217 [info]: out of user resourse, disconnected
2024-04-17 10:35:38.393650 [info]: out of user resourse, disconnected
2024-04-17 10:35:38.394081 [info]: out of user resourse, disconnected
2024-04-17 10:35:38.394511 [info]: out of user resourse, disconnected
2024-04-17 10:35:38.394934 [info]: out of user resourse, disconnected
2024-04-17 10:35:38.395370 [info]: out of user resourse, disconnected
2024-04-17 10:35:38.395827 [info]: out of user resourse, disconnected
2024-04-17 10:35:38.396281 [info]: out of user resourse, disconnected
2024-04-17 10:35:38.396717 [info]: out of user resourse, disconnected
2024-04-17 10:35:38.397149 [info]: out of user resourse, disconnected
2024-04-17 10:35:38.397570 [info]: out of user resourse, disconnected
2024-04-17 10:35:38.398066 [info]: out of user resourse, disconnected
2024-04-17 10:35:38.398490 [info]: out of user resourse, disconnected
2024-04-17 10:35:38.398930 [info]: out of user resourse, disconnected
2024-04-17 10:35:38.399366 [info]: out of user resourse, disconnected
2024-04-17 10:35:38.399812 [info]: out of user resourse, disconnected
2024-04-17 10:35:38.400248 [info]: out of user resourse, disconnected
2024-04-17 10:35:38.400685 [info]: out of user resourse, disconnected
2024-04-17 10:35:38.401118 [info]: out of user resourse, disconnected
2024-04-17 10:35:38.401548 [info]: out of user resourse, disconnected
2024-04-17 10:35:38.401970 [info]: out of user resourse, disconnected
2024-04-17 10:35:38.402403 [info]: out of user resourse, disconnected
2024-04-17 10:35:38.402839 [info]: out of user resourse, disconnected
2024-04-17 10:35:38.403275 [info]: out of user resourse, disconnected
2024-04-17 10:35:38.403727 [info]: out of user resourse, disconnected
2024-04-17 10:35:38.404161 [info]: out of user resourse, disconnected
2024-04-17 10:35:38.404598 [info]: out of user resourse, disconnected
2024-04-17 10:35:38.405020 [info]: out of user resourse, disconnected
2024-04-17 10:35:38.405439 [info]: out of user resourse, disconnected
2024-04-17 10:35:38.405873 [info]: out of user resourse, disconnected
2024-04-17 10:35:38.406308 [info]: out of user resourse, disconnected
2024-04-17 10:35:38.406740 [info]: out of user resourse, disconnected
2024-04-17 10:35:38.407172 [info]: out of user resourse, disconnected
2024-04-17 10:35:38.407602 [info]: out of user resourse, disconnected
2024-04-17 10:35:38.408076 [info]: out of user resourse, disconnected
2024-04-17 10:35:38.408495 [info]: out of user resourse, disconnected
2024-04-17 10:35:38.408930 [info]: out of user resourse, disconnected
2024-04-17 10:35:38.409367 [info]: out of user resourse, disconnected
2024-04-17 10:35:38.409802 [info]: out of user resourse, disconnected
2024-04-17 10:35:38.410235 [info]: out of user resourse, disconnected
2024-04-17 10:35:38.410665 [info]: out of user resourse, disconnected
2024-04-17 10:35:38.411104 [info]: out of user resourse, disconnected
2024-04-17 10:35:38.411525 [info]: out of user resourse, disconnected
2024-04-17 10:35:38.411967 [info]: out of user resourse, disconnected
2024-04-17 10:35:38.412401 [info]: out of user resourse, disconnected
2024-04-17 10:35:38.412838 [info]: out of user resourse, disconnected
2024-04-17 10:35:38.413273 [info]: out of user resourse, disconnected
2024-04-17 10:35:38.413706 [info]: out of user resourse, disconnected
2024-04-17 10:35:38.414137 [info]: out of user resourse, disconnected
2024-04-17 10:35:38.414556 [info]: out of user resourse, disconnected
2024-04-17 10:35:38.415068 [info]: out of user resourse, disconnected
2024-04-17 10:35:38.415491 [info]: out of user resourse, disconnected
2024-04-17 10:35:38.415934 [info]: out of user resourse, disconnected
2024-04-17 10:35:38.416381 [info]: out of user resourse, disconnected
2024-04-17 10:35:38.416818 [info]: out of user resourse, disconnected
2024-04-17 10:35:38.417253 [info]: out of user resourse, disconnected
2024-04-17 10:35:38.417714 [info]: out of user resourse, disconnected
2024-04-17 10:35:38.418211 [info]: out of user resourse, disconnected
2024-04-17 10:35:38.418647 [info]: out of user resourse, disconnected
2024-04-17 10:35:38.419072 [info]: out of user resourse, disconnected
2024-04-17 10:35:38.419497 [info]: out of user resourse, disconnected
2024-04-17 10:35:38.419956 [info]: out of user resourse, disconnected
2024-04-17 10:35:38.420394 [info]: out of user resourse, disconnected
2024-04-17 10:35:38.420830 [info]: out of user resourse, disconnected
2024-04-17 10:35:38.421265 [info]: out of user resourse, disconnected
2024-04-17 10:35:38.421697 [info]: out of user resourse, disconnected
2024-04-17 10:35:38.422127 [info]: out of user resourse, disconnected
2024-04-17 10:35:38.422557 [info]: out of user resourse, disconnected
2024-04-17 10:35:38.422978 [info]: out of user resourse, disconnected
2024-04-17 10:35:38.423412 [info]: out of user resourse, disconnected
2024-04-17 10:35:38.423858 [info]: out of user resourse, disconnected
2024-04-17 10:35:38.424298 [info]: out of user resourse, disconnected
2024-04-17 10:35:38.424735 [info]: out of user resourse, disconnected
2024-04-17 10:35:38.425171 [info]: out of user resourse, disconnected
2024-04-17 10:35:38.425603 [info]: out of user resourse, disconnected
2024-04-17 10:35:38.426048 [info]: out of user resourse, disconnected
2024-04-17 10:35:38.426472 [info]: out of user resourse, disconnected
2024-04-17 10:35:38.426909 [info]: out of user resourse, disconnected
2024-04-17 10:35:38.427346 [info]: out of user resourse, disconnected
2024-04-17 10:35:38.427802 [info]: out of user resourse, disconnected
2024-04-17 10:35:38.428237 [info]: out of user resourse, disconnected
2024-04-17 10:35:38.428675 [info]: out of user resourse, disconnected
2024-04-17 10:35:38.429111 [info]: out of user resourse, disconnected
2024-04-17 10:35:38.429543 [info]: out of user resourse, disconnected
2024-04-17 10:35:38.430059 [info]: out of user resourse, disconnected
2024-04-17 10:35:38.430490 [info]: out of user resourse, disconnected
2024-04-17 10:35:38.430924 [info]: out of user resourse, disconnected
2024-04-17 10:35:38.431360 [info]: out of user resourse, disconnected
2024-04-17 10:35:38.431804 [info]: out of user resourse, disconnected
2024-04-17 10:35:38.432238 [info]: out of user resourse, disconnected
2024-04-17 10:35:38.432672 [info]: out of user resourse, disconnected
2024-04-17 10:35:38.433102 [info]: out of user resourse, disconnected
2024-04-17 10:35:38.433525 [info]: out of user resourse, disconnected
2024-04-17 10:35:38.433955 [info]: out of user resourse, disconnected
2024-04-17 10:35:38.434390 [info]: out of user resourse, disconnected
2024-04-17 10:35:38.434827 [info]: out of user resourse, disconnected
2024-04-17 10:35:38.435259 [info]: out of user resourse, disconnected
2024-04-17 10:35:38.435715 [info]: out of user resourse, disconnected
2024-04-17 10:35:38.436149 [info]: out of user resourse, disconnected
2024-04-17 10:35:38.436578 [info]: out of user resourse, disconnected
2024-04-17 10:35:38.436999 [info]: out of user resourse, disconnected
2024-04-17 10:35:38.437431 [info]: out of user resourse, disconnected
2024-04-17 10:35:38.437866 [info]: out of user resourse, disconnected
2024-04-17 10:35:38.438301 [info]: out of user resourse, disconnected
2024-04-17 10:35:38.438724 [info]: out of user resourse, disconnected
2024-04-17 10:35:38.439245 [info]: out of user resourse, disconnected
2024-04-17 10:35:38.439729 [info]: out of user resourse, disconnected
2024-04-17 10:35:38.440172 [info]: out of user resourse, disconnected
2024-04-17 10:35:38.440606 [info]: out of user resourse, disconnected
2024-04-17 10:35:38.441145 [info]: out of user resourse, disconnected
2024-04-17 10:35:38.441579 [info]: out of user resourse, disconnected
2024-04-17 10:35:38.442003 [info]: out of user resourse, disconnected
2024-04-17 10:35:38.442445 [info]: out of user resourse, disconnected
2024-04-17 10:35:38.442890 [info]: out of user resourse, disconnected
2024-04-17 10:35:38.443330 [info]: out of user resourse, disconnected
2024-04-17 10:35:38.443787 [info]: out of user resourse, disconnected
2024-04-17 10:35:38.444224 [info]: out of user resourse, disconnected
2024-04-17 10:35:38.444658 [info]: out of user resourse, disconnected
2024-04-17 10:35:38.445089 [info]: out of user resourse, disconnected
2024-04-17 10:35:38.445514 [info]: out of user resourse, disconnected
2024-04-17 10:35:38.445950 [info]: out of user resourse, disconnected
2024-04-17 10:35:38.446388 [info]: out of user resourse, disconnected
2024-04-17 10:35:38.446826 [info]: out of user resourse, disconnected
2024-04-17 10:35:38.447260 [info]: out of user resourse, disconnected
2024-04-17 10:35:38.447713 [info]: out of user resourse, disconnected
2024-04-17 10:35:38.448147 [info]: out of user resourse, disconnected
2024-04-17 10:35:38.448578 [info]: out of user resourse, disconnected
2024-04-17 10:35:38.449000 [info]: out of user resourse, disconnected
2024-04-17 10:35:38.449433 [info]: out of user resourse, disconnected
2024-04-17 10:35:38.449869 [info]: out of user resourse, disconnected
2024-04-17 10:35:38.450304 [info]: out of user resourse, disconnected
2024-04-17 10:35:38.450736 [info]: out of user resourse, disconnected
2024-04-17 10:35:38.451168 [info]: out of user resourse, disconnected
2024-04-17 10:35:38.451588 [info]: out of user resourse, disconnected
2024-04-17 10:35:38.452028 [info]: out of user resourse, disconnected
2024-04-17 10:35:38.452463 [info]: out of user resourse, disconnected
2024-04-17 10:35:38.452898 [info]: out of user resourse, disconnected
2024-04-17 10:35:38.453333 [info]: out of user resourse, disconnected
2024-04-17 10:35:38.453764 [info]: out of user resourse, disconnected
2024-04-17 10:35:38.454195 [info]: out of user resourse, disconnected
2024-04-17 10:35:38.454625 [info]: out of user resourse, disconnected
2024-04-17 10:35:38.455054 [info]: out of user resourse, disconnected
2024-04-17 10:35:38.455478 [info]: out of user resourse, disconnected
2024-04-17 10:35:38.455925 [info]: out of user resourse, disconnected
2024-04-17 10:35:38.456457 [info]: out of user resourse, disconnected
2024-04-17 10:35:38.457031 [info]: out of user resourse, disconnected
2024-04-17 10:35:38.458240 [info]: out of user resourse, disconnected
2024-04-17 10:35:38.458615 [info]: out of user resourse, disconnected
2024-04-17 10:35:38.458940 [info]: out of user resourse, disconnected
2024-04-17 10:35:38.459287 [info]: out of user resourse, disconnected
2024-04-17 10:35:38.461202 [info]: out of user resourse, disconnected
2024-04-17 10:35:38.461750 [info]: out of user resourse, disconnected
2024-04-17 10:35:38.462294 [info]: out of user resourse, disconnected
2024-04-17 10:35:38.462822 [info]: out of user resourse, disconnected
2024-04-17 10:35:38.463347 [info]: out of user resourse, disconnected
2024-04-17 10:35:38.464036 [info]: out of user resourse, disconnected
2024-04-17 10:35:38.464937 [info]: out of user resourse, disconnected
2024-04-17 10:35:38.465877 [info]: out of user resourse, disconnected
2024-04-17 10:35:38.466679 [info]: out of user resourse, disconnected
2024-04-17 10:35:38.467208 [info]: out of user resourse, disconnected
2024-04-17 10:35:38.467731 [info]: out of user resourse, disconnected
2024-04-17 10:35:38.468274 [info]: out of user resourse, disconnected
2024-04-17 10:35:38.468986 [info]: out of user resourse, disconnected
2024-04-17 10:35:38.469904 [info]: out of user resourse, disconnected
2024-04-17 10:35:38.470431 [info]: out of user resourse, disconnected
2024-04-17 10:35:38.470956 [info]: out of user resourse, disconnected
2024-04-17 10:35:38.471522 [info]: out of user resourse, disconnected
2024-04-17 10:35:38.472050 [info]: out of user resourse, disconnected
2024-04-17 10:35:38.472611 [info]: out of user resourse, disconnected
2024-04-17 10:35:38.473131 [info]: out of user resourse, disconnected
2024-04-17 10:35:38.473648 [info]: out of user resourse, disconnected
2024-04-17 10:35:38.474164 [info]: out of user resourse, disconnected
2024-04-17 10:35:38.474684 [info]: out of user resourse, disconnected
2024-04-17 10:35:38.475290 [info]: out of user resourse, disconnected
2024-04-17 10:35:38.475831 [info]: out of user resourse, disconnected
2024-04-17 10:35:38.476352 [info]: out of user resourse, disconnected
2024-04-17 10:35:38.476869 [info]: out of user resourse, disconnected
2024-04-17 10:35:38.477410 [info]: out of user resourse, disconnected
2024-04-17 10:35:38.477931 [info]: out of user resourse, disconnected
2024-04-17 10:35:38.478449 [info]: out of user resourse, disconnected
2024-04-17 10:35:38.478967 [info]: out of user resourse, disconnected
2024-04-17 10:35:38.479532 [info]: out of user resourse, disconnected
2024-04-17 10:35:38.480200 [info]: out of user resourse, disconnected
2024-04-17 10:35:38.480719 [info]: out of user resourse, disconnected
2024-04-17 10:35:38.481237 [info]: out of user resourse, disconnected
2024-04-17 10:35:38.481751 [info]: out of user resourse, disconnected
2024-04-17 10:35:38.482268 [info]: out of user resourse, disconnected
